\begin{tabular}{lrrrrrrrrrrrr}
\toprule
 & $\hat{P}(r_{i,t}^{21}>0)$ & CIV & PIV & $\Delta$CIV & $\Delta$PIV & log(O/S) & $IVS_{ATM}$ & $IVS_{OTM}$ & beta & log(ME) & $ret_{12, 2}$ & $ret_{1, 0}$ \\
\midrule
$\hat{P}(r_{i,t}^{21}>0)$ & 1.00 & -0.36 & -0.37 & -0.02 & -0.02 & 0.02 & -0.04 & -0.09 & -0.15 & 0.34 & 0.03 & 0.05 \\
CIV & -0.36 & 1.00 & 0.84 & 0.20 & 0.12 & -0.22 & -0.09 & 0.08 & 0.12 & -0.43 & -0.18 & -0.11 \\
PIV & -0.37 & 0.84 & 1.00 & 0.12 & 0.20 & -0.19 & 0.17 & 0.11 & 0.12 & -0.43 & -0.17 & -0.10 \\
$\Delta$CIV & -0.02 & 0.20 & 0.12 & 1.00 & 0.47 & -0.01 & -0.32 & -0.05 & -0.01 & -0.01 & 0.00 & -0.13 \\
$\Delta$PIV & -0.02 & 0.12 & 0.20 & 0.47 & 1.00 & -0.01 & 0.32 & 0.02 & -0.00 & -0.00 & -0.00 & -0.08 \\
log(O/S) & 0.02 & -0.22 & -0.19 & -0.01 & -0.01 & 1.00 & 0.09 & -0.23 & 0.10 & 0.37 & 0.13 & 0.04 \\
$IVS_{ATM}$ & -0.04 & -0.09 & 0.17 & -0.32 & 0.32 & 0.09 & 1.00 & 0.21 & 0.01 & -0.02 & -0.00 & 0.04 \\
$IVS_{OTM}$ & -0.09 & 0.08 & 0.11 & -0.05 & 0.02 & -0.23 & 0.21 & 1.00 & -0.01 & -0.24 & -0.03 & 0.03 \\
beta & -0.15 & 0.12 & 0.12 & -0.01 & -0.00 & 0.10 & 0.01 & -0.01 & 1.00 & -0.01 & -0.03 & -0.00 \\
log(ME) & 0.34 & -0.43 & -0.43 & -0.01 & -0.00 & 0.37 & -0.02 & -0.24 & -0.01 & 1.00 & 0.18 & 0.08 \\
$ret_{12, 2}$ & 0.03 & -0.18 & -0.17 & 0.00 & -0.00 & 0.13 & -0.00 & -0.03 & -0.03 & 0.18 & 1.00 & 0.02 \\
$ret_{1, 0}$ & 0.05 & -0.11 & -0.10 & -0.13 & -0.08 & 0.04 & 0.04 & 0.03 & -0.00 & 0.08 & 0.02 & 1.00 \\
\bottomrule
\end{tabular}
